0.000000000000 -1.000000000000
0.020610442285 -0.997340588092
0.000983598142 -0.999957500645
0.007620964406 -0.999042001850
0.007829228098 -0.999012249894
0.010158215619 -0.998667214705
0.012501650668 -0.998306686236
0.015530141552 -0.997822127695
0.019223771155 -0.997206522761
0.023771578725 -0.996415599705
0.029344811591 -0.995402284639
0.036160537261 -0.994104051178
0.044470539275 -0.992442050775
0.054568902205 -0.990316079632
0.066793369730 -0.987599531293
0.081525767940 -0.984133084655
0.099188426335 -0.979717420057
0.120234713258 -0.974105076877
0.145131059664 -0.966991835047
0.174327087609 -0.958008441833
0.208209613769 -0.946714266446
0.247037074399 -0.932595189854
0.290852013849 -0.915069214074
0.339372308804 -0.893504638538
0.391869319375 -0.867256133252
0.447051121097 -0.835723675126
0.502981320093 -0.798436875795
0.557076740996 -0.755160539073
0.606229799701 -0.706007480368
0.647085094811 -0.651533753555
0.676460457505 -0.592783028166
0.691843756884 -0.531249830648
0.691843756884 -0.468750169350
0.676460457505 -0.407216971834
0.647085094811 -0.348466246445
0.606229799701 -0.293992519632
0.557076740997 -0.244839460927
0.502981320094 -0.201563124205
0.447051121097 -0.164276324874
0.391869319373 -0.132743866746
0.339372308805 -0.106495361462
0.290852013850 -0.084930785926
0.247037074400 -0.067404810146
0.208209613769 -0.053285733553
0.174327087609 -0.041991558167
0.145131059665 -0.033008164953
0.120234713259 -0.025894923123
0.099188426339 -0.020282579944
0.081525767941 -0.015866915345
0.066793369732 -0.012400468707
0.054568902206 -0.009683920368
0.044470539272 -0.007557949224
0.036160537262 -0.005895948822
0.029344811594 -0.004597715362
0.023771578727 -0.003584400295
0.019223771159 -0.002793477240
0.015530141553 -0.002177872305
0.012501650668 -0.001693313764
0.010158215621 -0.001332785295
0.007829228101 -0.000987750107
0.007620964406 -0.000957998150
0.000983598143 -0.000042499355
0.020610442298 -0.002659411909
0.000000000000 0.000000000000
